Linear Layer
2 Inputs -> 7 Outputs

weights =
[[0.00377737, 3.50644462, -3.11441173],
[1.28746661, 0.05315883, 1.82427523],
[-2.54894346, -2.24826115, -2.72130817],
[-1.83594215, 1.55736392, 2.96995944],
[-2.46867676, -5.37865601, 0.73901825],
[-3.16926144, 4.80113131, 0.37072429],
[-5.19881836, -0.70786060, -0.46078055]]
---------------------------------

Tanh Activation

---------------------------------

Linear Layer
7 Inputs -> 3 Outputs

weights =
[[-5.44325140, 1.31744100, 0.06955711, -2.98934008, -3.73373034, 1.06188747, -2.53058759, 1.53226894],
[0.82847569, -1.68326888, 0.62099283, 5.57249948, 3.52273413, -3.05474818, -1.72156574, 1.07349390],
[2.89247639, 3.10313598, -4.48726793, 1.14596050, 1.60744073, 2.48574447, 2.98509175, -0.21990767]]
---------------------------------

Softmax Activation
